10001100
00000001
00000011
11101000

10101100
00000000
00000111
11010100

00100100
00000101
00000000
00010011

00000000
00000000
00000000
00000000

00000000
00000000
00000000
00000000

00000000
00000000
00000000
00000000

00010000
10100000
00000000
00011001

00000000
10100101
00100000
00100000

00000000
10000100
00100000
00100000

10001100
10000010
00000011
11101000

00000000
00000000
00000000
00000000

00000000
00000000
00000000
00000000

00000000
00000000
00000000
00000000

00000000
00100010
00011000
00101010

00000000
00000000
00000000
00000000

00000000
00000000
00000000
00000000

00000000
00000000
00000000
00000000

00010000
01100000
00000000
00000001

00001000
00000000
00000000
00010101

00000000
01000000
00001000
00100000

10101100
00000101
00000111
11010100

00100100
10100101
11111111
11111111

00000000
00000000
00000000
00000000

00000000
00000000
00000000
00000000

00000000
00000000
00000000
00000000

00001000
00000000
00000000
00000101

10101100
00000001
00000111
11010000

10101100
00000001
00000111
11010000

10101100
00000001
00000111
11010000

10101100
00000001
00000111
11010000

10101100
00000001
00000111
11010000

10101100
00000001
00000111
11010000

10101100
00000001
00000111
11010000
