@3e8
00000000
00000000
00000000
00110100
@3ec
00000000
00000000
00000000
00110001
@3f0
00000000
00000000
00000000
00110111
@3f4
11111111
11111111
11111000
01011110
@3f8
00000000
00000000
00000000
10000111
@3fc
11111111
11111111
11111000
01111110
@400
00000000
00000000
00000000
01010011
@404
00000000
00000000
00000100
00000111
@408
00000000
00000000
00000000
00111110
@40c
11111111
11111111
11111000
01011111
@410
00000000
00000000
00000000
01001001
@414
00000000
00000000
00000001
01010010
@418
11111111
11111111
11111111
11010111
@41c
00000000
00000000
00000000
01100111
@420
00000000
00000000
00000000
00111101
@424
00000000
00000000
00000000
01100011
@428
11111111
11111111
11111111
11100101
@42c
00000000
00000000
00000000
11111111
@430
00000000
00000000
00001000
01010100
@434
00000000
00000000
00000000
00111011