11010000000000000001001111101000
11010000000100000000011111010100
11000000100000000101000000001001
11000000011001010000000000000000
00101000000000000000000000000110
11010000000001010010001111101000
11000000011000100000000000000001
10000000000000100001000000000000
10010000000100000101011111010100
11000000100101010101000000000001
11101011111111111111111111111000
11010000000100000001011111010000






@3E8
00000000000000000000000000011110
00000000000000000000000001010111
11111111111111111111110001010101
00000000000000000000000100000000
11111111111111111111111110000000
11111111111111111111111111110000
00000000000000000000001101010100
11111111111111111111111000011100
00000000000000000000000000001011
00000000000000000000000000000111