00001100
00000001
00000011
11101000
00010000
00000000
00000111
11010100
00000100
00000101
00000000
00010011
00010100
10100000
00000000
00001010
00000000
10100101
00100000
00000001
00000000
10000100
00100000
00000001
00001100
10000010
00000011
11101000
00000000
01000001
00011000
00010000
00010100
01100000
00000000
00000001
00011000
00000000
00000000
00001100
00000000
01000000
00001000
00000001
00010000
00000101
00000111
11010100
00000100
10100101
11111111
11111111
00011000
00000000
00000000
00000011
00010000
00000001
00000111
11010000

